1
5
4
6
7
3
8
9
10
12
15
14
13
17
20
21
19
24
23
16
25
30
32
29
22
26
31
34
33
37
39
36
40
41
42
43
44
38
49
51
45
50
48
52
47
63
61
55
54
56
62
57
58
60
59
66
69
74
71
73
65
64
68
70
67
72
79
80
78
76
75
85
83
86
77
90
89
84
87
82
88
93
95
96
94
98
103
91
92
109
100
105
106
113
102
99

114
104
110
101
112
118
116
115
108
107
126
123
117
132
129
122
125
120
133
124
128
130
131
136
127
140
134
139
137
135
142
152
138
151
146
143
141
144
145
153
154
156
155
159
158
163
161
164
165
160
166
167
172
173
174
170
178
157
168
177
169
176
182
180
189
186
179
192
175
183
194
185
187
184
200
188
190
198
196
191
202
201
204
207
203
193
197
205
199
206
211
215
212
219
217
210
220
209
214
218
222
216
227
225
213
221
208
226
224
231
228
232
235
241
230
233
234
243
238
242
237
229
239
245
248
240
247
246
251
244
250
236
256
249
252
257
253
263
254
259
262
255
261
267
269
272
265
260
271
268
274
258
273
279
277
270
280
275
282
285
276
278
281
286
283
291
287
284
289
296
288
290
293
295
298
303
297
299
301
309
294
307
302
305
310
304
313
306
311
314
316
317
315
323
318
328
319
327
331
330
312
335
326
324
340
339
332
333
325
345
334
338
344
337
348
343
336
347
354
342
349
353
341
350
352
346
357
359
292
361
360
358
362
365
351
355
364
371
366
373
372
367
375
370
368
369
377
383
379
374
376
378
381
387
382
380
385
391
392
389
384
397
399
395
402
398
393
404
394
403
396
401
410
408
407
414
412
411
413
415
405
417
416
418
419
429
422
406
426
427
421
431
420
430
424
425
432
435
439
428
438
442
440
443
441
444
448
447
446
449
445
434
450
453
459
437
436
456
454
455
462
467
458
465
460
457
463
466
470
469
474
471
476
468
477
473
472
485
482
478
483
479
487
490
484
475
491
489
494
499
488
500
495
493
492
504
497
498
501
505
502
506
510
512
513
514
496
507
503
520
519
509
516
521
526
508
518
515
522
523
524
530
535
537
528
517
532
533
529
540
539
544
531
534
541
550
548
542
549
536
552
538
551
553
555
545
543
561
554
547
565
558
563
559
570
556
560
567
557
568
564
575
576
566
574
577
571
584
581
562
578
579
572
587
580
569
582
586
588
585
583
593
599
590
589
592
600
595
597
596
594
598
605
602
609
601
607
608
612
606
604
613
614
610
603
618
611
616
615
617
626
630
628
623
619
629
624
620
621
633
639
622
627
634
636
635
637
632
631
638
650
643
642
645
641
651
647
653
640
644
654
648
649
658
656
657
661
663
660
655
646
667
668
665
669
671
664
673
677
652
674
672
679
662
676
670
684
683
686
681
682
666
675
687
689
691
688
680
696
678
693
685
699
700
694
697
701
703
698
690
705
708
706
709
707
692
711
702
712
715
713
714
717
719
716
720
695
704
722
727
718
721
725
724
730
728
731
729
726
733
735
723
737
732
736
738
734
741
749
740
746
747
745
748
739
742
752
750
753
759
758
760
765
757
767
754
763
755
751
762
768
756
766
769
764
761
774
770
771
773
778
772
779
777
775
787
780
784
776
782
786
790
791
788
781
783
789
785
798
797
802
800
799
792
794
795
793
804
806
809
796
807
814
808
803
817
819
813
816
805
815
812
811
821
824
820
822
818
827
831
830
832
829
823
826
828
834
801
840
843
838
825
839
846
842
844
835
836
852
841
847
853
833
850
851
848
845
837
857
849
855
859
867
862
858
860
854
861
865
868
870
872
856
866
871
869
874
881
864
877
875
879
885
873
863
883
890
882
880
888
889
886
887
892
900
884
896
899
894
895
898
901
893
906
911
891
907
913
909
908
905
916
897
912
902
910
915
903
914
923
904
920
924
925
927
919
926
917
930
929
935
928
918
934
933
921
931
932
938
937
922
936
944
945
941
948
940
947
952
942
949
951
943
946
950
958
955
956
939
959
960
953
961
964
963
957
966
970
969
954
962
975
971
968
978
972
977
982
967
984
976
965
980
979
981
974
983
973
990
988
987
985
992
989
993
995
991
986
999
997
998
996
994
